12086005104,4
12105011835,26
12086005102,4
12086005103,4
12086980800,7
12105011834,26
12086020100,1
12086008907,5
12033003610,2
12095016715,30
12095016714,30
12095016717,30
12095016716,30
12095016710,30
12095016713,30
12086019300,3
12103020202,22
12005002605,13
12086008904,5
12103020206,22
12103020207,22
12071000700,16
12011080103,8
12011080102,8
12011080101,8
12103020209,22
12086001603,6
12005002607,13
12131950301,13
12021010802,1
12021010803,1
12021010801,1
12131950302,13
12015010403,16
12015010402,16
12015010401,16
12015010404,16
12031000100,0
12011050701,10
12127090500,35
12057010702,27
12115001905,19
12057010701,27
12099003300,15
12011050100,10
12095018300,33
12087970700,1
12073000400,21
12105015900,23
12071050306,14
12071050307,14
12109021003,38
12071050305,14
12099004012,15
12115000601,19
12115000501,19
12115002203,18
12057006300,25
12071050308,14
12005002608,13
12073000200,21
12095014807,32
12095014806,32
12095014805,32
12095014804,32
12095014809,32
12031012000,39
12109021002,38
12017451200,31
12009071301,20
12105014124,26
12099006300,12
12086006101,4
12086006102,4
12031014500,0
12095018800,33
12086009100,5
12127080400,35
12011060306,9
12011060305,9
12011060304,9
12011060303,9
12011060302,9
12011031205,10
12103026904,24
12086007801,3
12127080700,35
12111382006,17
12111382007,17
12111382002,17
12111382003,17
12079110100,21
12111382008,17
12111382009,17
12071010302,16
12071010303,16
12099007412,11
12071010306,16
12071010307,16
12071010304,16
12071010305,16
12099007418,11
12031001500,0
12086007804,3
12069031205,31
12069031204,31
12105011912,23
12103020201,22
12105015000,26
12069031203,31
12069031202,31
12086002004,6
12086002001,6
12086002003,6
12021000700,1
12095017600,34
12033001800,2
12057980100,24
12077950100,21
12111381000,20
12009071322,20
12099005702,12
12023110300,37
12107950100,38
12086016300,5
12086001606,5
12103025503,24
12103025501,24
12103025506,24
12086001605,5
12103025505,24
12105014600,26
12095017006,32
12011010304,11
12011010305,11
12011010306,11
12011010307,11
12011010308,11
12127080100,35
12043000200,18
12091022100,13
12095018100,32
12087970400,1
12105011604,26
12105011605,29
12105011606,26
12019031300,38
12105011603,26
12063210800,21
12099007750,12
12103023900,22
12101030405,27
12101030404,27
12011030500,10
12127082511,35
12095014502,32
12095014503,32
12087971800,1
12099004201,15
12085001408,17
12069030702,34
12085001406,17
12083000200,36
12085001404,17
12123950400,21
12011042200,8
12095012000,33
12086017900,5
12009062500,28
12117020402,34
12117020401,34
12121970302,37
12031010500,39
12105012002,29
12097043700,28
12086003602,4
12011043301,8
12011043302,8
12105012004,29
12103021900,22
12105011732,26
12123950200,21
12011020209,10
12101030409,27
12039020701,21
12127082201,35
12127082202,35
12039020702,21
12113010702,2
12001001514,37
12001001515,37
12001001516,37
12001001517,37
12127083005,35
12001001519,37
12127083007,35
12113010708,2
12113010809,2
12086015500,5
12127083003,30
12055961100,18
12031002200,39
12117021706,33
12061050301,20
12067960200,37
12061050302,20
12115001703,19
12111381603,17
12111381602,20
12111381601,20
12057004300,25
12019030303,39
12019030301,39
12099005953,12
12019030304,39
12009066400,20
12103027606,24
12103027605,24
12047960100,37
12103027603,24
12103021500,22
12005002300,13
12099005000,15
12091021900,13
12099005952,12
12031016100,0
12113010817,2
12113010815,2
12105013300,26
12021011302,14
12103025303,24
12113010811,2
12021011301,14
12081000901,19
12113010819,2
12111380100,20
12099005951,12
12101031604,27
12101031605,27
12011100801,7
12101031603,27
12117020803,34
12011100802,7
12057001300,25
12099005956,12
12005001404,13
12095013603,33
12005001402,13
12005001403,13
12073001102,21
12095013607,33
12117021311,30
12117021312,30
12057007200,25
12011090700,8
12103027604,24
12105014502,26
12115002010,19
12086008409,3
12031015002,0
12031015001,0
12095016412,30
12086008407,3
12095016410,30
12086008405,3
12127080202,35
12133970103,13
12086014100,5
12009069700,28
12133970104,13
12015020602,16
12101031804,31
12015020601,16
12086013800,5
12101031805,29
12071060202,14
12109020300,38
12115001803,19
12099000303,17
12099002005,15
12101031809,29
12011040204,10
12011040205,10
12011040206,10
12011040203,10
12011041000,10
12127082604,35
12086017300,3
12009065001,20
12035060214,38
12035060213,38
12035060212,38
12035060211,38
12035060210,38
12001000809,37
12001000808,37
12071010803,16
12031011100,0
12086009040,5
12086009043,5
12017451102,31
12017451101,31
12095016709,30
12105013600,26
12001000806,37
12086010205,3
12086010204,1
12086010207,3
12086010201,1
12091023307,13
12057012600,29
12086490100,4
12115002202,19
12086010209,1
12086010208,3
12097042602,28
12086000217,6
12086000216,6
12086000215,6
12086000214,6
12009060102,30
12086000212,6
12086000211,6
12009060101,30
12073002101,21
12073002103,21
12086004203,4
12086004204,4
12073002104,21
12086000219,6
12086000218,6
12095014704,32
12087971100,1
12111380300,20
12055980100,18
12095014701,32
12095014702,32
12095014703,32
12086005001,4
12086005002,4
12103025012,24
12115002201,19
12119910300,31
12099001004,15
12099001302,15
12086019400,3
12105012303,29
12011031002,10
12011031001,10
12103020302,22
12103020301,22
12109021301,38
12095014810,32
12086001101,6
12086001102,6
12086001103,6
12083002302,36
12099001003,15
12083002301,36
12021010903,1
12021010902,1
12099001002,15
12115001301,19
12021010905,1
12021010904,1
12021010300,14
12109020200,38
12031000200,0
12099000301,17
12057010600,25
12091020400,13
12011091801,8
12011091802,8
12095014808,32
12071050209,14
12071050208,14
12071050207,14
12071050206,14
12071050205,14
12071050204,14
12071050203,14
12115002504,18
12115002505,18
12115002507,18
12115002508,18
12115002509,18
12083002502,36
12103024200,22
12103025401,24
12103025407,24
12099007420,11
12103025405,24
12115002720,18
12099006401,12
12031012900,39
12103025408,24
12115002724,18
12011020101,10
12017450400,31
12011020103,10
12086006201,4
12031014409,0
12031014408,0
12086006205,4
12031014404,0
12115000900,19
12001002220,37
12031014401,0
12101032010,29
12081001204,22
12101032011,29
12081001202,19
12081001203,22
12011060401,9
12011060402,9
12011060403,9
12117020703,34
12111382109,17
12101032014,29
12083002504,36
12111382106,17
12057002800,25
12071010203,16
12097041100,26
12071010201,16
12083001500,36
12071010204,16
12031001400,0
12127091025,35
12069031102,34
12069031103,34
12069031101,31
12057013004,23
12105013101,26
12011020211,10
12011020210,10
12057013002,23
12011020212,10
12095017702,34
12021000600,1
12127082606,35
12099005808,12
12011100104,8
12011100105,8
12086002703,4
12023110201,37
12011100101,8
12011100103,8
12119911301,31
12107951402,36
12039020400,21
12119911302,31
12117020805,34
12011010200,11
12097040802,32
12097040803,32
12097040804,28
12057013100,23
12087970300,1
12086002702,4
12086002201,4
12105016003,23
12105016002,23
12105016001,23
12095018000,33
12115002715,18
12086009901,7
12071040116,14
12086009903,7
12086009904,7
12086009905,7
12086009906,7
12105011704,26
12057014104,22
12063210900,21
12086012500,7
12103023800,22
12127081200,35
12011030401,10
12095010802,33
12115002714,18
12011030402,10
12103027101,24
12001001521,37
12001001520,37
12103027106,24
12011070602,8
12011070601,8
12099004300,15
12105012305,29
12083000100,36
12086020200,3
12085001500,17
12011042302,8
12011042301,8
12009071400,30
12105011400,29
12117020302,34
12099000405,17
12009062400,28
12105014202,26
12031010401,39
12031010402,0
12093910102,18
12093910101,18
12099008203,12
12119980000,29
12057000401,25
12057000402,25
12086002100,4
12123950300,21
12071040115,14
12095016902,32
12011090601,8
12105014400,26
12011090602,8
12127082607,35
12086002706,4
12105012409,26
12113010802,2
12086005904,4
12095013503,30
12055961200,18
12115001000,19
12113010808,2
12031002300,39
12086005902,5
12086005903,4
12099000802,15
12099000803,17
12109020801,38
12109020806,38
12099005817,12
12099000804,15
12109020805,38
12057004400,25
12111381101,20
12111381102,20
12095016704,28
12115002511,18
12086002705,4
12019030203,39
12019030202,39
12019030201,39
12099005947,12
12099005940,11
12099005942,11
12099005943,11
12009066700,28
12099004704,15
12099005949,12
12011040300,10
12057011706,25
12057011709,25
12057011708,25
12071001706,14
12071001707,14
12071001701,14
12071001703,14
12099002400,15
12031016000,0
12103027320,24
12103027321,27
12021011205,14
12021011204,14
12071040109,14
12021011202,14
12021011201,14
12103027327,27
12085001103,17
12053040602,31
12053040601,31
12009064700,20
12115001507,19
12101031707,27
12101031706,27
12101031705,27
12101031704,27
12095015602,33
12101031701,27
12031012200,39
12095013701,33
12057001200,25
12095013702,33
12073001001,21
12005001502,13
12005001501,13
12073001002,21
12099007410,12
12073002201,21
12035060208,35
12035060209,38
12073002205,21
12035060204,38
12035060205,38
12035060206,36
12035060207,35
12031015100,0
12057011415,25
12057011414,25
12057011417,25
12057011416,25
12057011411,27
12057011410,27
12057011413,25
12057011412,25
12071040210,14
12031016711,0
12086014000,5
12057011418,25
12083001401,36
12073002417,21
12015020700,16
12009069801,30
12009069802,28
12073002416,21
12127083008,35
12099007808,12
12073002415,21
12086000204,6
12086000206,6
12086000140,6
12081000306,19
12081000307,19
12081000304,19
12081000305,19
12101031013,27
12101031012,27
12081000308,19
12081000309,19
12086000209,6
12101031014,27
12103024302,22
12011041300,9
12121970400,37
12105010401,26
12057002300,25
12105010402,26
12103025009,24
12099003201,15
12095016602,28
12095016601,30
12099003202,15
12127091024,35
12105011910,23
12127091026,35
12099003901,15
12127091020,35
12105013702,26
12105013701,26
12105011911,23
12127091028,35
12127091029,34
12057012503,23
12057012501,29
12097042701,28
12057012504,23
12097042702,28
12095015801,33
12031015923,0
12031015922,38
12031015925,0
12031015924,0
12031015926,0
12057013923,23
12057013922,23
12057013921,23
12057013920,23
12095014609,32
12033003100,2
12103024301,22
12095014605,32
12087971200,1
12095014606,32
12095014601,32
12055980000,18
12086009704,6
12033002200,2
12071020600,16
12033003305,2
12033003306,2
12033003307,2
12033003301,2
12086013000,7
12086019500,3
12033003308,2
12011031102,10
12011031101,10
12103025011,24
12086007503,3
12086007501,3
12086001003,6
12086001002,6
12083002203,36
12083002202,36
12083002201,36
12086001006,6
12013010100,21
12103025411,24
12103025412,24
12086009705,6
12103025414,24
12103025415,24
12103025416,24
12103025417,24
12103024413,22
12103024412,24
12103024411,24
12103024410,22
12115002711,18
12115002710,18
12115002713,18
12095015104,33
12031014412,38
12031014413,38
12031014410,0
12031014411,38
12031000300,0
12057010103,29
12057010105,29
12057010106,29
12057010107,29
12011040503,10
12011050702,10
12057003300,25
12011091901,8
12105015200,26
12011091902,8
12005001000,13
12071050500,14
12111382113,17
12111382110,17
12086017100,3
12115002401,18
12086009311,7
12099001916,15
12115002402,18
12053041600,31
12086016500,5
12086009313,7
12107950300,36
12086009312,7
12086005901,4
12109020601,38
12031012800,39
12109020602,38
12011090301,8
12086006302,4
12086006301,4
12011020206,10
12011020207,10
12011020204,10
12011020205,10
12115000802,19
12115000801,19
12007000400,39
12105014104,26
12081001300,19
12071000800,16
12095011702,32
12095011701,33
12099000304,17
12103027000,24
12005000300,13
12103024100,22
12071040314,14
12063210600,13
12099001301,15
12057002900,25
12057005301,25
12057005302,23
12069030503,36
12069030502,31
12069030504,36
12127090303,35
12127090306,35
12127090307,35
12127090304,35
12127090305,35
12101032401,29
12101032402,29
12095017701,34
12095017703,34
12069031000,34
12095013606,30
12086002202,4
12001001201,37
12001001202,37
12001001203,37
12079110301,21
12033001001,2
12033001002,2
12039020500,21
12115001805,19
12011010102,11
12011010103,11
12011010104,11
12095018700,33
12086009808,7
12086009803,7
12086009804,7
12086009807,7
12086009806,7
12019031107,39
12019031106,38
12019031105,38
12019031104,37
12115001102,19
12019031101,39
12086012400,7
12019031108,37
12009066600,20
12101031203,31
12071090100,16
12099007731,11
12115002722,18
12086018900,3
12057013703,23
12086007103,4
12085001200,17
12099007732,11
12086020300,3
12011042400,8
12103028300,22
12115002723,18
12053040801,31
12053040802,31
12117020202,34
12081001701,19
12031010700,39
12086003400,4
12086000710,5
12099008301,12
12086000711,5
12057000500,25
12005001200,13
12095013403,33
12057001100,25
12071040119,14
12057011712,25
12105016100,23
12057011710,25
12095013405,30
12071040112,14
12071040113,14
12011090504,8
12071040111,14
12011090502,8
12011090503,8
12071040114,14
12057006801,23
12097042100,28
12103027319,24
12103027318,24
12101032013,27
12103027314,27
12103027317,24
12103027316,27
12127082507,35
12103027310,27
12055961302,18
12055961301,18
12111380500,20
12075970400,37
12103025123,24
12086005802,5
12099000903,15
12099000902,15
12086980300,3
12061050100,20
12099000905,15
12099000904,17
12033004000,2
12085001102,17
12086015100,5
12099980500,15
12009065022,20
12057011408,25
12057011409,25
12086009029,5
12086009028,5
12086009027,5
12086009026,5
12086009024,5
12086009023,5
12057011407,25
12086009021,5
12086009020,5
12127083205,35
12071001601,14
12071040208,16
12071001602,14
12071040206,16
12071040207,14
12071040205,16
12071040203,14
12099005204,15
12099008302,12
12091021700,13
12053040702,31
12053040701,31
12101031008,27
12101031009,31
12101030901,27
12009064601,20
12057006700,23
12101031003,31
12095015702,33
12095015701,33
12101031007,27
12009060700,30
12095013402,30
12105014802,23
12073002303,21
12073002302,21
12103025007,24
12071040118,14
12073001902,21
12073002304,21
12031015600,0
12035060304,38
12035060301,38
12035060303,38
12035060302,38
12095013406,30
12127091013,35
12127091015,35
12009980000,30
12127091016,35
12103028103,22
12086014900,5
12103028104,22
12127080804,35
12099005807,15
12009069901,30
12009069902,30
12111381900,17
12103020800,22
12015020800,16
12086000308,6
12086000305,6
12081000202,19
12081000201,19
12086000306,6
12086000301,6
12071040110,14
12086000302,6
12086001302,6
12081000803,19
12083002503,36
12081000805,19
12081000804,19
12081000807,19
12119910700,31
12081000809,19
12057006802,23
12071040117,14
12086011201,1
12011041200,9
12031016808,38
12031016807,38
12031016806,38
12057002000,25
12031016804,38
12031016803,38
12031016801,38
12099003102,15
12087970200,1
12099003101,15
12047960200,37
12117021401,34
12117021403,34
12105013001,26
12105013002,26
12099007814,17
12109020400,38
12086010006,7
12086010005,7
12099007301,11
12086010001,7
12057012403,23
12057012402,23
12057012401,29
12057013807,23
12057013801,23
12057013802,23
12057013803,23
12103024408,22
12103024409,22
12099002006,15
12103024403,22
12105014103,26
12099006907,11
12103027315,27
12087971300,1
12001002209,37
12001002208,37
12099005930,12
12001002205,37
12001002204,37
12001002207,37
12001002201,37
12033002300,2
12113010900,2
12071020700,16
12095016712,30
12033003204,2
12085001409,17
12033003201,2
12033003203,2
12086013100,7
12086019600,1
12099007201,11
12105010300,26
12099007203,11
12085001407,17
12091022600,13
12086007400,4
12086013500,7
12005000202,13
12005000201,13
12021010102,14
12021010107,14
12011010603,11
12021010105,14
12086005801,4
12021010109,14
12021010108,14
12011070305,9
12129010203,21
12015010301,16
12015010302,16
12011050601,10
12011050602,10
12057003200,25
12099006910,12
12009071200,28
12109020902,38
12071050400,14
12099006008,12
12109020901,38
12097041300,26
12033000300,2
12091022300,13
12107950400,36
12086016400,5
12011100300,8
12051000100,18
12099007912,12
12099005602,15
12086007002,4
12086006203,4
12086007001,4
12049970202,18
12031012704,39
12011020302,11
12099005814,12
12099005815,12
12099005812,12
12049970201,18
12031012702,39
12031012703,39
12099004811,12
12099004810,12
12011020309,11
12011020308,11
12099004815,15
12099004817,12
12099004816,12
12061050808,20
12115000700,19
12061050802,20
12071000900,16
12061050806,20
12061050807,20
12061050804,20
12061050805,20
12086003601,4
12103025207,24
12109021206,38
12109021205,38
12109021204,38
12109021203,38
12063210700,13
12099001200,15
12069030602,34
12069030601,36
12086000902,6
12057010900,27
12127090202,35
12086003703,4
12127090204,35
12101032700,29
12095017400,32
12086003706,4
12127080500,35
12086002300,4
12105011501,26
12085000901,17
12085000902,17
12099008002,17
12037970302,21
12017451601,31
12017451602,31
12033001300,2
12123950100,21
12127091023,35
12009065021,20
12131950502,13
12101030700,27
12031010800,39
12103022802,22
12103022801,22
12095015402,33
12095012701,33
12095016002,33
12099002900,15
12086981000,4
12107951401,36
12086014800,5
12117020807,34
12095017109,32
12099002100,15
12009068601,30
12127082301,35
12009065231,20
12009068602,30
12009065236,20
12009065235,20
12009065234,20
12031015400,0
12086009022,5
12086001801,6
12086001803,6
12086001802,4
12009066900,28
12103026200,24
12086018800,3
12091020800,13
12103027308,27
12103027309,27
12086011500,1
12011051001,10
12011051002,10
12011042500,8
12099004102,15
12117020102,34
12103020208,22
12117020101,34
12103026909,24
12009062600,28
12001000302,37
12009065125,20
12001000301,37
12009065123,20
12009065122,20
12009065121,20
12095015001,32
12095013509,30
12095013508,30
12086009038,5
12009061001,30
12009061002,30
12057014118,22
12005001301,13
12057001002,25
12057001001,25
12005001302,13
12086009030,5
12086009031,5
12095013505,30
12099005203,15
12011090404,8
12011090403,8
12011090401,8
12057006900,23
12113010707,2
12103027501,27
12103027502,27
12109020803,38
12113010704,2
12057013918,23
12086000220,6
12086980200,3
12099007612,11
12099007613,11
12127083006,35
12086007104,4
12101031205,29
12117020806,34
12095013605,33
12057013912,23
12086010604,3
12057011507,25
12011040102,10
12011040101,10
12057011504,27
12103021200,22
12057011509,27
12127091005,35
12071001502,14
12071001501,14
12071040305,14
12071040304,14
12071040303,14
12071040302,14
12071040301,14
12111380700,20
12021011400,14
12091021600,13
12071040309,14
12071040308,14
12086010900,1
12097041700,28
12009064500,20
12057013907,23
12057013903,23
12097042500,28
12009060600,30
12057013908,23
12086000808,5
12073001801,21
12057006000,25
12073001802,21
12031015700,0
12057980700,27
12099007002,11
12103025308,24
12127090101,35
12009980100,30
12103025304,24
12045960100,13
12103025306,24
12103025307,24
12086008101,3
12105011000,29
12115002510,18
12086980600,3
12049970400,18
12086010016,7
12086010010,7
12086010011,7
12086010012,7
12086010013,7
12111381803,17
12111381802,17
12015020900,16
12071030300,16
12127090102,35
12103025120,24
12091022700,13
12103025122,24
12095016804,28
12083002401,36
12009064602,20
12086001206,6
12086001205,6
12086001204,6
12086009504,7
12001002210,37
12101031102,31
12011040802,10
12001002217,37
12117022209,33
12011040801,10
12117022207,33
12117022206,33
12001002218,37
12001002219,37
12011061100,8
12099007837,15
12083002702,31
12105010601,26
12057002100,25
12095016803,32
12105010604,26
12117021505,34
12117021201,30
12086000807,5
12055960400,18
12047960300,37
12117021503,34
12101031005,27
12071010501,16
12071010502,16
12086010703,1
12031001300,0
12105012204,29
12101032901,29
12115002603,18
12115002602,18
12115002601,18
12105012206,29
12115002605,16
12115002604,16
12021010110,14
12103024905,24
12097043100,28
12077950200,21
12031013800,0
12093910601,18
12083002402,36
12033002400,2
12101032902,29
12103024906,22
12011010902,11
12011010901,11
12107951300,36
12071020400,16
12097041002,28
12086013600,5
12103022302,22
12086019700,1
12099007100,11
12061050903,20
12061050902,20
12095017004,32
12117021204,30
12103023300,22
12061050904,20
12005000500,13
12097041001,26
12073001901,21
12013010300,21
12087972300,1
12019030500,39
12011110100,8
12103027801,22
12011020311,11
12011020312,12
12011020313,11
12011020314,11
12011020315,10
12011020316,10
12011020317,10
12011020318,12
12011020319,11
12095013900,33
12131950102,13
12015010200,16
12131950101,13
12011050502,10
12083000802,36
12083000801,36
12011050501,10
12103026820,24
12011070101,8
12011070102,8
12011060127,10
12086010500,1
12105015701,18
12011091100,8
12017450901,31
12105015702,18
12085000800,17
12097041600,28
12011070211,8
12051000600,12
12086016700,5
12127082801,35
12099007831,15
12011100202,8
12011100201,8
12057001900,25
12095012900,33
12099004402,15
12031012601,39
12075970200,37
12031012602,39
12113010100,2
12105010900,26
12031002802,39
12031002801,39
12086014700,5
12009069100,30
12099001500,15
12103025111,24
12103028102,22
12103025110,24
12105013400,26
12095016001,33
12057005102,23
12103025113,24
12057005101,25
12057010809,27
12057010808,27
12069030701,34
12103025112,24
12015030302,16
12015030301,16
12057010805,25
12101032602,29
12101032601,29
12095017504,33
12095017503,34
12095017501,34
12113010813,2
12086002402,4
12086002403,4
12086002404,4
12071060201,14
12001001000,37
12071060203,14
12001000200,37
12095016100,33
12031011700,39
12101031806,29
12101031807,31
12101031808,29
12099008101,12
12017451700,31
12033001202,2
12033001201,2
12103023400,22
12023110904,37
12099006010,12
12023110903,37
12023110901,37
12101030601,27
12097042300,28
12103022902,22
12103022901,22
12095012600,33
12095018500,33
12086008208,3
12086008209,3
12086008205,3
12086008206,3
12086008207,3
12086008202,3
12057014108,22
12057014109,22
12086009006,5
12009068502,30
12095013511,30
12057014106,23
12009068501,30
12105011202,26
12031016722,38
12103027209,24
12103027208,24
12031016726,38
12031016727,38
12031016724,0
12031016725,38
12103027202,27
12031016728,38
12031016729,38
12103027207,24
12009066800,28
12103027205,27
12103027204,27
12099004203,15
12086011600,7
12009062108,30
12009062109,30
12011042600,8
12073002414,21
12073002413,21
12073002412,21
12073002411,21
12073002410,21
12099003902,15
12055960601,18
12009062103,28
12009062104,30
12127081900,35
12009062106,30
12009062107,30
12099007839,15
12009064400,20
12101031602,27
12095015103,33
12003040202,39
12095015105,33
12009061100,30
12095015106,33
12057011510,27
12086009314,7
12057011512,27
12086001301,6
12057011514,27
12057011515,27
12057011516,27
12057011517,27
12057011518,27
12057011519,25
12011090302,8
12101031601,27
12086017600,3
12105014105,26
12071040121,14
12117021318,33
12071040310,14
12071040311,14
12071040312,14
12071040313,14
12115001801,19
12097043301,28
12115001804,19
12099005955,12
12087970900,1
12099005954,12
12081000808,19
12095013604,33
12073001101,21
12103026819,24
12055960900,18
12103025010,24
12086006401,4
12086006402,4
12086006403,4
12099005950,12
12081001800,22
12109021102,38
12011040601,10
12011040602,10
12095011000,33
12086018000,1
12117020301,34
12127082412,35
12117021313,34
12071001402,16
12071001401,16
12086005703,4
12117021314,30
12095016731,28
12105014501,26
12099001904,15
12086005701,4
12117021316,30
12053040101,31
12053040102,29
12086010802,1
12086010801,1
12099007910,17
12099001907,15
12031001200,0
12097042200,28
12127090903,34
12105010702,26
12009060500,30
12127082605,35
12087972500,1
12057006103,23
12031016805,38
12057006101,23
12035060107,38
12035060106,38
12035060105,38
12035060104,38
12035060103,38
12057980600,25
12071080100,16
12115001704,19
12103026500,24
12115001702,19
12117021321,30
12103025205,24
12103025204,24
12045960200,13
12057013919,23
12103025203,24
12017450702,31
12057013913,23
12017450701,31
12057013916,23
12057013917,23
12057013914,22
12057013915,23
12099007007,11
12099007006,11
12099007005,11
12086015600,3
12111381702,17
12071030201,16
12086007200,4
12071030203,16
12071030202,16
12071030204,16
12091022400,13
12099007008,11
12011060501,9
12099007766,11
12011060503,9
12083002701,36
12011060505,9
12011060504,9
12095016411,30
12011040902,10
12011040901,10
12105011731,26
12133970102,13
12101032112,29
12103026001,24
12011061002,9
12011061001,8
12099007762,12
12085000606,17
12103025119,24
12127080201,35
12071010409,16
12085001602,17
12071010405,16
12071010404,16
12071010407,16
12071010406,16
12103025115,24
12103025114,24
12103025116,24
12011092000,8
12083000702,36
12099007713,12
12071050602,14
12071050601,14
12099007710,12
12099007716,11
12021000500,1
12095016807,28
12101032110,29
12001001814,37
12011020325,11
12011020324,11
12011020326,12
12011020321,10
12011020320,10
12011020323,11
12011020322,10
12086009600,7
12033002500,2
12103026813,24
12103026812,24
12103026815,24
12103026814,24
12103026817,24
12103026816,24
12099004011,15
12099004010,15
12099004013,15
12011010800,11
12071020502,16
12071020501,16
12086013700,5
12103022000,22
12001001811,37
12001001813,37
12031002902,39
12031002901,39
12103023200,22
12061050604,20
12057013804,23
12061050606,20
12061050601,20
12061050602,20
12061050603,20
12013010200,13
12057013806,23
12019030400,39
12061050605,20
12009066104,20
12107950201,38
12009066101,20
12009066103,20
12005002200,13
12103025800,24
12099004904,15
12099004903,15
12086010009,7
12105013901,26
12011050402,10
12011050401,10
12105013902,26
12101032904,29
12099007836,15
12073000800,21
12101032012,29
12071060300,14
12099005502,15
12001001100,37
12011091202,8
12011091201,8
12099007834,17
12105015404,26
12105015405,26
12099007835,17
12011043100,8
12033000100,2
12127082903,35
12011100501,8
12011100502,8
12086016600,5
12099007833,15
12031013000,39
12086004103,4
12086004303,4
12057001800,25
12086004304,4
12057010818,27
12086004102,4
12057010816,25
12057010817,27
12057010814,27
12057010815,27
12057010812,27
12057010813,27
12057010810,29
12057010811,27
12086015800,5
12113010200,2
12086008305,3
12086008304,3
12086008307,3
12086008306,3
12086004105,4
12101031407,27
12083002001,36
12007000300,37
12086008308,3
12009069200,30
12057004500,25
12117021319,30
12099007838,12
12099001403,15
12099001402,15
12089050101,0
12099001404,15
12109021407,38
12089050102,0
12057005000,25
12105011822,26
12071040209,14
12015030200,16
12069030804,34
12069030805,34
12069030806,34
12069030807,34
12069030803,34
12095017200,32
12107950500,36
12086009017,5
12086009014,5
12086009015,5
12086009010,5
12095012303,33
12101031901,29
12011020415,10
12011020414,10
12011020413,10
12011020412,10
12031011400,39
12086009019,5
12069030206,34
12037970100,21
12033000800,2
12103027210,24
12095012306,33
12113010706,2
12127083206,35
12023110800,37
12095012305,33
12101030502,27
12101030501,27
12095012100,33
12086005304,4
12086005302,4
12086005303,4
12105012700,26
12073002403,21
12001002202,37
12073002408,21
12099004902,12
12009064902,20
12086009308,7
12086009309,7
12031014702,0
12031014701,0
12086009306,7
12086009307,7
12033003900,2
12086009305,7
12127081102,35
12057011524,27
12057014007,23
12009068400,30
12057011521,27
12057011520,25
12057011523,27
12057011522,27
12095014811,32
12057014009,22
12057014008,23
12071010801,16
12129010100,21
12057005900,25
12086009044,5
12127090600,35
12086009047,5
12103027324,27
12071010802,16
12101030602,27
12011042700,8
12011041500,10
12053040202,31
12083980100,36
12053040201,31
12075970600,36
12117020902,34
12009064301,20
12009064302,20
12117020901,34
12103027325,27
12095015202,33
12086010015,7
12095015201,33
12095013300,33
12086004902,4
12086004901,4
12005001100,13
12009071500,28
12105012503,26
12099005501,15
12081001602,22
12086017700,3
12127082510,35
12101032903,29
12099006501,12
12105015402,26
12099006502,11
12117021315,30
12103028402,22
12117020201,34
12113010705,2
12087970800,1
12087971401,1
12087971402,1
12017450602,31
12017450601,31
12105015401,26
12031014901,0
12031014902,0
12055960800,18
12055961400,18
12086006503,4
12099007909,17
12081001907,22
12081001904,22
12095012201,32
12081001909,22
12081001908,22
12086018700,3
12011030704,10
12011030705,10
12011030702,10
12011030703,10
12009071340,20
12071001300,14
12091020100,2
12111381204,20
12085001802,17
12085001801,17
12083001600,36
12021010604,1
12021010605,1
12021010606,1
12021010601,1
12021010602,1
12099007010,11
12099007011,11
12099007009,11
12099007746,11
12031001100,0
12097042601,28
12011110343,7
12011110342,7
12011110341,8
12011110340,8
12021010420,1
12117020705,34
12127082902,35
12057003400,25
12099007741,11
12057006600,25
12105014901,23
12105014902,23
12031015502,0
12031015501,0
12129010202,21
12057980500,25
12071010412,16
12071080203,16
12071010410,16
12071010411,16
12099007202,11
12071080204,16
12103025109,22
12103025106,22
12086000213,6
12045960300,21
12086004301,4
12086013400,5
12103022100,22
12011010701,11
12011010702,11
12127080600,35
12099007705,12
12103025108,22
12015020104,18
12011060608,9
12011060609,9
12015020101,16
12015020103,18
12091022500,13
12086000806,7
12011060603,9
12083002601,36
12086000805,6
12011060606,9
12011060607,9
12083002605,36
12011060605,9
12081000504,19
12081000501,19
12081000503,19
12087972100,1
12095010500,33
12081000310,19
12099004007,15
12099004005,15
12086004206,4
12113010814,2
12117021317,30
12083001800,36
12099006909,12
12105010800,26
12099004008,15
12021010106,14
12001001806,37
12057003700,23
12001001805,37
12001001802,37
12001001803,37
12086006504,4
12001001801,37
12083000605,36
12083000604,35
12083000601,36
12083000602,36
12031013721,39
12057013207,23
12031013723,39
12057013205,23
12057013203,23
12031013727,39
12031013726,39
12095016904,32
12095016906,32
12095016907,32
12021000402,1
12021000401,14
12095016903,32
12057012304,23
12095017103,32
12057012301,23
12073001300,21
12057012303,23
12093910402,18
12093910403,18
12093910401,18
12033002602,2
12033002603,2
12033002601,2
12033002604,2
12033002605,2
12127083207,35
12071020201,16
12071020202,16
12127083203,35
12039020300,21
12107951100,36
12086015700,3
12117021609,34
12117021307,33
12099001915,15
12103027206,27
12113010300,2
12097043500,28
12086018200,1
12105014701,26
12086018300,3
12103023500,22
12057010304,29
12061050705,20
12061050704,20
12086980500,5
12031011901,39
12061050703,20
12061050702,20
12091023100,2
12103027402,27
12019030702,38
12019030703,38
12019030701,38
12083000902,36
12059960400,13
12099005601,15
12009062900,28
12083000901,36
12099005409,15
12099003507,15
12073000903,21
12101032804,29
12073000901,21
12001001603,37
12001001604,37
12073000905,21
12073000904,21
12053040901,31
12011091300,8
12053040905,31
12053040907,31
12053040906,29
12033000600,2
12053040908,31
12086007702,3
12011043002,8
12011043001,8
12051000402,18
12051000401,18
12031013100,0
12005001800,13
12125960300,37
12105012803,26
12057001700,25
12095013201,33
12095013202,33
12009065124,20
12029970200,37
12057014122,22
12011020409,10
12099000507,15
12057014121,22
12011020404,10
12011020405,10
12011020406,10
12011020407,10
12086008000,3
12086014600,5
12007000200,37
12009069300,28
12055960102,18
12055960103,18
12057004600,25
12053040501,31
12099001700,15
12055960200,18
12057005700,25
12105015600,26
12015030501,16
12015030502,16
12015030503,16
12057011204,27
12057011205,25
12057011206,25
12009065201,20
12057011203,27
12127081700,35
12063210200,13
12086011800,7
12011041400,8
12057014012,22
12057014013,22
12057014010,23
12057014011,22
12057014016,22
12103026602,24
12057014014,22
12057014015,23
12105014123,26
12105014121,26
12099003700,15
12011980000,12
12085000300,17
12031011500,39
12105980000,26
12131950200,13
12109021403,38
12033000900,2
12053041502,31
12053041501,31
12109021405,38
12109020500,38
12095014812,32
12109021404,38
12101030407,27
12101030406,27
12095014504,32
12095014813,32
12073002509,21
12073002508,21
12101033006,29
12073002505,21
12086001104,6
12073002507,21
12109021406,38
12086005202,4
12086005201,4
12101030408,27
12087971501,1
12087971502,1
12031014604,0
12031014603,0
12031014601,0
12086009200,7
12033003800,2
12095014607,32
12127081000,35
12101030204,27
12115002712,18
12011030902,10
12011030903,10
12011030904,10
12057005800,25
12086001501,6
12086001502,6
12111381804,17
12127082411,35
12095014400,33
12121970100,37
12117021614,33
12011090801,8
12021010701,1
12021010702,1
12053040303,31
12053040302,29
12053040301,29
12071980000,14
12086004403,4
12081001914,23
12105013103,26
12105013102,26
12081001910,22
12009065202,20
12081001912,22
12081001913,22
12095015300,33
12105012407,29
12105012406,32
12105012405,32
12105012404,32
12105012403,32
12031010101,0
12031010102,0
12031010103,0
12086017400,3
12105012408,26
12115002100,19
12097043800,28
12099006602,12
12099006603,12
12099006604,12
12099006605,12
12021010419,1
12021010418,1
12103025004,22
12099007809,17
12095017300,32
12021010411,1
12021010410,1
12021010413,14
12021010412,14
12021010415,14
12021010414,14
12021010417,14
12021010416,14
12117021611,34
12099005935,12
12117021613,34
12117021612,34
12117021615,34
12001001702,37
12017450902,31
12117021616,34
12099005813,12
12071000302,16
12071000301,16
12099005936,12
12099005810,12
12086012700,7
12117020811,34
12086018600,3
12101032801,29
12099005811,12
12099000600,17
12086008804,5
12095011200,33
12011030600,10
12117022208,33
12091020200,13
12099005933,12
12099004813,12
12083001700,36
12085001301,17
12085001302,17
12099007739,11
12099007738,11
12099007735,12
12099007734,11
12099007736,11
12087980000,1
12099007730,11
12099007733,11
12011042100,8
12121970600,37
12099003800,15
12101032108,29
12101032109,29
12031001000,0
12101032104,29
12101032105,29
12101032106,29
12101032107,29
12101032103,29
12031014338,0
12057000602,25
12101032803,29
12057000601,25
12031014333,0
12031014332,0
12031014331,0
12031014330,0
12031014337,0
12031014336,0
12031014335,0
12031014334,0
12127082100,35
12057980400,29
12115001101,19
12071080300,16
12101031903,29
12086015000,5
12101031902,29
12011010609,11
12103020500,22
12107951000,38
12011010605,11
12011010604,11
12011010607,11
12011010606,11
12011010601,11
12031002102,39
12031002101,39
12091020600,2
12011020411,10
12099004819,12
12081001108,19
12081001107,19
12081001106,19
12081001105,19
12081001104,19
12015020202,18
12105016400,26
12015020201,16
12099980400,12
12011060700,9
12086000903,6
12081000408,19
12086000901,6
12103020108,22
12081000405,19
12081000407,19
12073000500,21
12081000403,19
12103026907,24
12086012900,7
12095010400,33
12099000703,15
12086017000,3
12099004101,15
12103026908,24
12031016601,0
12031016603,0
12005002000,13
12031016604,0
12099002600,15
12001001908,37
12001001907,37
12057003600,25
12057002600,25
12001001902,37
12057013307,23
12057013305,23
12011060123,9
12101031101,31
12021000301,14
12021000302,1
12095016806,28
12057012209,23
12057012208,23
12057014002,22
12095016802,28
12133970200,13
12057012207,23
12057012206,23
12001000500,37
12086003100,4
12073001200,21
12103020107,22
12093910500,18
12033002703,2
12033002701,2
12103020106,22
12033001500,2
12086003921,6
12086003922,6
12033002704,2
12127082509,35
12099005411,12
12113010400,2
12103026300,24
12053040910,31
12053040911,29
12061980000,20
12127082508,35
12057013413,23
12057013412,23
12057013411,23
12057013410,23
12086019000,3
12086980400,4
12057013415,23
12057013414,23
12086001401,6
12105010701,26
12099004818,12
12019030600,0
12103026809,24
12086004608,4
12105013500,26
12009066302,20
12009066301,20
12057011304,25
12103021800,22
12057011301,25
12057011303,25
12099002800,15
12009062800,28
12117021404,34
12107980000,36
12103025017,22
12071060102,14
12071060101,14
12099007818,15
12115000602,19
12083001005,31
12083001006,36
12103025013,24
12063211100,13
12069030912,34
12069030913,34
12031013200,0
12005001900,13
12086004106,4
12069030914,34
12115002721,18
12099007805,17
12125960200,37
12057001600,25
12086007601,3
12105014203,26
12086005501,4
12086005502,4
12099007817,15
12001002102,36
12095012307,33
12095012304,33
12001002101,36
12057011010,27
12057011013,29
12057011012,29
12057011015,27
12057011014,29
12057011016,29
12011020501,10
12086008102,3
12057013208,23
12011020502,10
12009069400,28
12099007813,15
12103028401,22
12007000100,37
12057004700,25
12129010201,21
12011050312,9
12011050311,9
12011050310,10
12099001600,15
12073002512,21
12073002513,21
12073002510,21
12073002511,21
12101030410,27
12101030411,27
12101030412,27
12015030401,16
12086006206,4
12015030402,16
12011110324,9
12011020104,10
12086007805,3
12119911701,36
12057010303,29
12086011900,7
12011041700,10
12057010305,29
12091021502,13
12127090400,35
12091021501,13
12031011200,39
12011110327,9
12095015003,32
12099003600,15
12085000200,17
12081002007,19
12095017015,28
12081002005,19
12031014406,0
12081002003,19
12053041402,31
12053041401,31
12081002008,19
12095017016,32
12103024505,24
12103024507,24
12103024509,24
12101030301,27
12101030302,27
12101030303,27
12115001402,19
12055980200,18
12087972000,1
12099006700,12
12095017013,28
12103025900,24
12105012309,29
12087971600,1
12086008806,5
12031014101,0
12031014102,0
12086008805,5
12086008803,5
12119911702,36
12105012410,26
12105012411,26
12086007902,3
12086007901,3
12127081101,35
12071001202,14
12095011600,32
12086001402,6
12103025014,22
12103025015,22
12103025016,22
12083001003,31
12083001004,31
12057014003,22
12021010408,14
12083001007,36
12083001008,36
12105012304,29
12021010405,14
12103025018,22
12103025019,22
12099007812,15
12021010401,1
12117021606,34
12099007763,12
12117021604,34
12099008001,17
12105012306,29
12105013200,26
12105012307,29
12117021608,33
12037970304,21
12117020704,34
12071050104,14
12117020701,34
12086001203,6
12057000800,25
12099005816,12
12011070320,9
12011070321,9
12011070322,9
12099007760,15
12023110700,37
12071050105,14
12071050106,14
12115002009,19
12115002008,19
12071050103,14
12115002005,19
12115002004,19
12115002007,19
12095016727,30
12086009034,5
12111382108,18
12115001202,19
12099007723,12
12099007721,12
12086016100,5
12099007724,12
12099007725,12
12103025700,24
12086017500,3
12115002304,18
12115002305,18
12115002302,18
12055961602,18
12017450800,31
12055961601,18
12031014328,0
12031014329,0
12089050203,0
12117021100,34
12111382200,18
12031014326,0
12086012600,7
12011030100,10
12109020704,38
12086018500,3
12109020706,38
12103026002,24
12115002003,19
12063210400,13
12095011300,33
12091020302,13
12091020301,13
12119910402,31
12109020708,38
12109021101,38
12011010612,12
12091020900,13
12011010610,11
12011010611,11
12011080402,8
12011080403,8
12115001203,19
12127090902,34
12085001000,17
12109021103,38
12115001201,19
12015010100,16
12101032005,29
12101032007,27
12101032006,29
12101032001,29
12115001204,19
12101032009,29
12101032008,27
12057000700,25
12011090900,8
12086011700,7
12103026910,24
12103026911,24
12103026912,24
12103026913,24
12057980300,29
12099000410,17
12033001401,2
12033001402,2
12071001915,16
12071001914,16
12115002303,18
12071001911,14
12071001910,14
12071001913,14
12071001912,14
12031002600,39
12095012800,33
12057013318,23
12057013319,23
12031012500,39
12057013314,23
12057013315,23
12057013316,23
12057013317,23
12057013310,23
12009064901,20
12057013312,23
12057013313,23
12057012212,23
12057012213,23
12057012210,23
12057012211,23
12015020303,16
12015020302,16
12015020301,18
12095012401,33
12086003911,6
12086003913,6
12086003912,6
12086003915,6
12011060801,8
12011060802,9
12086003916,6
12086003919,6
12086003918,6
12095012402,33
12121970500,37
12009066200,20
12086008417,3
12031016500,0
12103027401,27
12103027403,27
12099002700,15
12086011008,1
12057002700,25
12079110400,21
12041950204,37
12086011007,1
12041950201,37
12086011001,1
12041950203,37
12041950202,37
12101031208,29
12057013406,23
12057013407,23
12021000200,1
12101031206,29
12101031207,29
12101031204,31
12055961603,18
12073001500,21
12086003004,4
12086003003,4
12001000400,37
12086003001,4
12117020903,34
12093910201,18
12093910202,18
12033003000,2
12083001402,36
12125960100,37
12005001600,13
12103026821,24
12103026818,24
12101032200,29
12095018900,33
12057013001,29
12103023700,22
12086003804,6
12086000109,6
12086000107,6
12105011300,26
12057013003,23
12086019100,3
12086980700,1
12099001802,15
12099005405,15
12127081800,35
12086003801,6
12019030102,39
12019030103,39
12019030104,39
12127081300,35
12057011008,27
12057011006,27
12057011007,27
12057011005,27
12057011003,27
12105012506,32
12086010193,3
12105012507,26
12086010198,1
12105012504,26
12107950700,38
12109020705,38
12011050306,10
12011050307,10
12011050301,10
12086010606,3
12086010609,3
12086010608,3
12099005202,15
12011050308,9
12011050309,10
12105014302,26
12063211000,21
12105012601,26
12031013300,39
12031010900,39
12031013901,0
12095014301,32
12095014302,32
12031013902,0
12031013905,0
12031013904,0
12031013906,0
12095012202,33
12086005403,4
12099000702,15
12086005405,4
12071050313,14
12086005407,4
12001002000,36
12115001903,19
12031015200,0
12115001904,19
12115001907,19
12086008601,3
12086008602,3
12075970700,31
12081002014,19
12081002015,19
12081002016,19
12081002017,19
12081002010,18
12081002011,19
12081002012,19
12081002013,19
12107950202,38
12017450101,31
12017450102,31
12103024514,24
12057004800,25
12103024513,24
12103024510,24
12103024511,24
12103020400,22
12023110202,37
12011080406,8
12083002100,36
12099004601,15
12115001401,19
12031000600,0
12099004602,15
12069031309,32
12057010203,29
12069030104,35
12069030107,34
12011080405,8
12105012602,26
12057010205,29
12057010204,29
12057010209,29
12103026811,24
12127090702,35
12069030108,34
12117021806,33
12031017100,39
12105011203,29
12085000501,17
12085000502,17
12107950900,36
12111381401,20
12053041302,31
12053041303,31
12053041304,31
12053041305,31
12097040801,32
12103024602,22
12103024601,22
12011011000,11
12086000121,6
12005000900,13
12099007822,17
12099007828,17
12101033011,29
12086000123,6
12101033013,29
12099007614,11
12105011833,26
12105011832,26
12099006801,11
12099006802,11
12087971700,1
12031014001,0
12086008906,5
12031014002,0
12086008902,5
12086008901,5
12011070311,9
12011070310,9
12011070313,9
12011070312,9
12011070315,9
12011070314,9
12011070317,9
12011070316,9
12011070319,9
12011070318,9
12103022601,22
12103022602,22
12011031204,10
12005000400,13
12086001602,5
12086007807,3
12086007806,3
12011031202,10
12011031203,10
12099007757,12
12099007756,12
12055961500,18
12099007754,12
12099007753,12
12099007752,12
12099007751,12
12011110337,8
12083001103,36
12083001102,36
12083001104,36
12099007759,12
12099007758,12
12021010507,1
12021010506,1
12021010505,1
12099007830,17
12117021708,33
12117021707,33
12069031308,32
12117021705,33
12117021704,33
12059960300,13
12021010509,1
12021010508,1
12086002501,4
12097042800,28
12086002502,4
12011042000,8
12081001403,22
12109020710,38
12109020711,38
12031014311,0
12117020600,34
12031014312,0
12099005918,12
12105011204,29
12009071600,28
12023110601,37
12107950600,36
12023110602,37
12117021502,34
12119910100,31
12127080901,35
12115001303,19
12086006501,4
12086008410,3
12086016000,5
12115001304,19
12127080902,35
12099007908,17
12021010213,14
12021010212,14
12021010211,14
12021010210,1
12021010215,14
12033003700,2
12031010600,39
12055961700,18
12031011600,39
12019031400,38
12127080805,35
12086012100,7
12127080806,35
12099000408,17
12099000406,17
12099000407,17
12086018400,3
12086019800,1
12103026102,24
12103026101,24
12063210500,13
12081001911,22
12071001903,14
12071001906,14
12071001907,14
12103020600,22
12071001908,14
12099004702,12
12099004705,15
12095015002,32
12031017200,0
12011080500,8
12057013321,23
12057013320,23
12057013322,23
12127091021,35
12085001104,17
12095015004,33
12086009039,5
12021011105,1
12021011106,1
12101030800,27
12057014119,23
12021011102,1
12021011103,1
12057006400,25
12101032300,29
12086003906,6
12057014117,23
12017451400,31
12086009035,5
12011090802,8
12057006501,25
12011091400,8
12086009036,5
12086003909,6
12105014001,26
12011090200,8
12105014003,26
12105014005,26
12105014006,26
12133970303,13
12095013507,30
12033001700,2
12127081600,35
12117021203,30
12086015200,5
12119911500,31
12031002701,39
12031002702,39
12031012400,39
12086018100,3
12111380800,20
12015020400,16
12081001703,19
12081001704,19
12095018400,33
12071070102,16
12011060900,9
12095016509,30
12011040701,10
12011040702,10
12105011722,26
12009068200,30
12009066500,20
12071070101,16
12105012203,29
12095017802,34
12031016400,0
12095017806,34
12095017807,34
12095017804,34
12095017805,34
12095017808,34
12109020804,38
12057002400,25
12103027105,24
12086000118,6
12086000119,6
12086011102,1
12057013501,23
12086000115,6
12057013503,23
12057013505,23
12057013504,23
12103028200,22
12086000113,6
12021000102,1
12101031302,27
12101031301,29
12021000101,1
12009061202,30
12009061201,30
12073001401,21
12086003702,4
12073001402,21
12086003704,4
12086003705,4
12001000700,37
12086003707,4
12087972400,1
12009064123,20
12009064124,28
12009064125,20
12009064126,28
12009064127,28
12009064128,28
12111382010,17
12005001700,13
12119911400,31
12039020800,21
12086010617,3
12086010614,1
12086010612,3
12086010613,3
12086010610,3
12103023600,22
12099006203,12
12086000601,7
12086000602,7
12086000603,7
12086000604,6
12086000605,6
12086000607,7
12086000608,7
12111380600,20
12086009501,6
12086009503,7
12083000701,36
12099000202,17
12103027322,27
12103025413,24
12086005410,4
12075970500,36
12057011107,27
12011060122,9
12011060121,9
12011060120,9
12057011103,27
12011060126,10
12011060125,9
12011060124,9
12011060128,10
12103021600,22
12057011109,27
12057011108,27
12057013602,23
12071010702,16
12011050208,10
12071010701,16
12011050205,10
12011050204,10
12011050207,10
12011050206,10
12099006012,12
12099006011,12
12057013311,23
12131950602,13
12091022002,13
12053040400,31
12103024703,22
12103024702,22
12103024701,22
12091022001,13
12097043302,28
12117021506,34
12081001601,22
12095014200,32
12009060200,30
12111380902,20
12057010210,29
12057010211,29
12057010212,29
12057010213,29
12057010214,29
12086005704,4
12057011613,25
12057011612,25
12057011611,25
12057011610,25
12086016900,3
12031015300,0
12057011615,25
12057011614,25
12073000301,21
12027010101,18
12027010102,18
12127083009,35
12111381402,20
12073000303,21
12103028600,22
12107951200,36
12073000302,21
12127090805,35
12131950501,13
12057004900,25
12086007704,3
12086007705,3
12086008414,3
12097043600,28
12099007832,15
12086007701,5
12011110309,8
12011110308,8
12011110307,8
12101033008,29
12101033009,29
12011110303,9
12011110302,9
12011110301,9
12083002002,36
12071001201,16
12105011821,26
12057011804,25
12031000700,0
12057011802,25
12057011803,25
12069030208,34
12069030209,34
12011041100,9
12069030207,34
12069030204,34
12095010300,33
12069030203,34
12027010302,18
12011070306,9
12011070304,9
12009060400,30
12099008201,12
12085000400,17
12099008202,12
12053041201,31
12053041203,31
12053041204,31
12086003914,6
12099007744,11
12011100400,8
12023110500,37
12099007747,11
12099007740,11
12086003917,6
12099007742,11
12099007743,11
12095015501,33
12115000502,19
12099007748,12
12099007749,11
12057012900,29
12021010510,1
12099006908,11
12115000101,19
12087971001,1
12087971002,1
12099006906,11
12086015900,5
12115000407,19
12115000406,19
12115000405,19
12115000404,19
12095018200,33
12115000401,19
12127083208,35
12086013200,7
12103022700,22
12005000700,13
12117020810,34
12127082000,35
12057011506,25
12011030302,10
12103026601,24
12099000505,15
12011030301,10
12089050202,0
12043000100,18
12089050201,0
12099000509,15
12021010208,14
12021010209,14
12083001206,36
12083001207,36
12083001204,36
12083001205,36
12083001208,36
12021010205,14
12117021000,34
12071080202,16
12086020000,1
12059960200,13
12005002704,13
12005002705,13
12086002600,4
12097042900,28
12005002701,13
12005002702,13
12005002703,13
12097040902,28
12057003100,25
12086008412,3
12009071100,30
12091020700,13
12105015301,26
12011091500,8
12105015302,26
12099000213,17
12103024508,24
12099000211,17
12099000210,17
12099000215,17
12099000214,17
12071020800,16
12051000200,12
12103025107,22
12086004605,4
12117022106,33
12086004607,4
12086004602,4
12033003609,2
12033003608,2
12055961000,18
12033003603,2
12033003607,2
12071040108,14
12095017014,28
12095017017,32
12019031500,38
12095017011,28
12086014500,5
12095017012,28
12086012000,7
12105012804,26
12087970600,1
12086011009,1
12019030902,39
12019030903,39
12019030904,39
12071001802,14
12071001801,16
12071000401,16
12071000402,16
12103020700,22
12011080200,8
12099004401,15
12086011005,1
12099001101,15
12099001102,15
12031017300,39
12111380400,20
12097041500,26
12086000708,7
12009062302,28
12009062301,28
12021011001,1
12021011002,1
12095016302,33
12095016301,33
12057000101,25
12057000102,25
12086003803,6
12017451502,31
12017451501,31
12109020802,38
12073001700,21
12105011913,26
12001000600,37
12011090102,8
12011090101,8
12033001600,2
12119911200,36
12086015300,5
12109020807,38
12031012300,39
12086000120,6
12031002400,39
12086000122,6
12086000125,6
12086000124,6
12086000127,6
12086000126,6
12086000129,6
12086000128,6
12071030100,16
12111380901,20
12081001402,22
12055960300,18
12086007101,4
12081001404,22
12057013409,23
12127080803,35
12099005917,12
12099005916,12
12099005915,11
12127080807,35
12101033005,29
12119910500,31
12081001000,19
12127090904,34
12011040402,10
12011040401,10
12009068102,28
12115001505,19
12009068101,30
12083002602,36
12095017902,34
12095017901,34
12097040901,28
12086000804,5
12079110200,21
12099005944,11
12081000810,19
12057002500,25
12101032113,29
12115001504,19
12086011202,1
12099005946,12
12083002606,36
12009064201,20
12009064202,20
12101032111,29
12057013604,23
12083002604,36
12127092500,35
12127081500,35
12093910300,18
12086011003,1
12086000414,6
12099980200,17
12086000411,6
12086000410,6
12086000413,6
12086000412,6
12099006402,11
12101033007,29
12011030801,10
12033002000,2
12099006009,12
12099006005,12
12099006006,12
12099006007,12
12117021320,30
12086000709,5
12031014800,0
12091022800,13
12086006602,4
12086006601,4
12086980100,1
12105011100,29
12086000705,5
12103026804,24
12086000707,5
12086000706,5
12086011101,1
12115000503,19
12087972200,1
12069030105,34
12057011608,25
12011030802,10
12057011603,25
12057011605,25
12057011606,25
12057011607,25
12083001900,36
12105014702,26
12127082506,35
12071010602,16
12071010601,16
12086010400,1
12101033010,29
12071001705,14
12097042000,28
12011042800,8
12053040502,31
12053041103,31
12053041106,31
12011110319,7
12053041104,31
12053041105,31
12097043206,26
12097043205,28
12097043204,28
12097043203,28
12011110311,8
12011110312,8
12011110313,8
12103024804,22
12085000610,17
12095014100,33
12103024801,22
12075970302,37
12115001602,19
12086005600,4
12095013802,33
12075970301,37
12095013801,33
12127082705,35
12071020300,16
12115001506,19
12127082701,35
12086016800,3
12127082703,35
12075970101,36
12011010403,11
12075970102,37
12099005300,15
12027010200,18
12011010402,11
12099007603,11
12099007602,11
12099007605,11
12011010401,11
12099007607,11
12103025305,24
12086006801,4
12017450304,31
12099004009,15
12017450302,31
12017450303,31
12049970300,18
12071001101,16
12005000600,13
12061050402,20
12061050401,20
12086007605,3
12086007604,3
12101033101,29
12086007606,3
12055960700,18
12086007603,3
12111381503,17
12099006912,11
12011110402,7
12011110403,7
12011110404,7
12105014125,26
12071001102,16
12057011906,25
12057011905,25
12057011904,25
12057011902,25
12057011901,25
12069030307,34
12069030306,34
12069030305,35
12103027323,27
12031000800,0
12069030302,34
12011070209,9
12011070208,9
12011070207,9
12091021200,13
12011070205,9
12009064800,20
12127082415,35
12127082414,35
12069030308,34
12085000700,17
12083000502,36
12103027326,24
12083000501,36
12127091018,34
12086009315,5
12086017200,3
12099000511,15
12011100700,8
12023110400,37
12107950800,38
12057012800,29
12111381701,17
12085000100,17
12009067100,28
12069030102,35
12057013206,23
12057007102,25
12057007103,25
12029970102,37
12105012125,29
12105012126,29
12029970101,37
12031014203,38
12031014202,0
12031013521,39
12069030410,36
12099001913,15
12057013204,23
12099001911,15
12031014204,0
12115000300,19
12103025602,24
12103022402,22
12086013300,5
12103022401,22
12099000208,17
12086007300,3
12086012300,7
12011030203,10
12011030202,10
12011030201,10
12103026702,24
12089050303,0
12089050302,0
12089050301,0
12081000704,19
12081000705,19
12081000703,19
12083001302,36
12083001301,36
12103025121,24
12011041900,8
12095017008,32
12119910601,31
12127090701,35
12003040102,39
12033003614,2
12095017001,32
12033003612,2
12033003613,2
12009063000,28
12033003611,2
12001001701,37
12005002604,13
12031011800,39
12005002606,13
12005002601,13
12005000803,13
12005002603,13
12099005701,12
12101031703,29
12003040101,39
12057003000,25
12101031006,27
12057000202,25
12105012900,26
12057000201,25
12095015601,33
12011091600,8
12097043202,28
12057012106,29
12057012107,23
12057012104,23
12099004202,15
12057012103,23
12121970301,37
12051000300,18
12057012108,23
12073002606,21
12073002604,21
12073002605,21
12086004701,5
12073002603,21
12086004703,5
12086004702,5
12009068300,30
12033003503,2
12033003506,2
12033003507,2
12033003505,2
12033003508,2
12101031708,27
12119910900,31
12086014400,5
12099003511,15
12095016511,30
12095016510,30
12019030801,39
12019030802,39
12105014301,26
12091023306,13
12071000504,16
12091023304,13
12091023305,13
12091023303,13
12071000503,16
12071000502,16
12031017400,0
12073002206,21
12099004500,15
12117022205,33
12091023308,13
12073002207,21
12086000134,6
12105012111,29
12086000132,6
12086000133,8
12086000130,6
12086000131,6
12103027704,24
12095013803,33
12117022201,33
12103025209,24
12101032500,29
12127082802,35
12099005903,12
12073002208,21
12095016200,33
12105010603,26
12127083209,35
12127082704,30
12073001602,21
12073001601,21
12086001004,6
12073000600,21
12091021400,13
12099004812,12
12105014201,26
12103028003,22
12119910602,31
12033001101,2
12033001103,2
12033001104,2
12091021001,13
12111380200,20
12086008502,3
12031002502,39
12031002501,39
12086008501,3
12103027701,22
12095012500,33
12117021504,34
12081001502,19
12081001501,22
12086000402,7
12086000403,6
12099003000,15
12086000404,6
12086000405,6
12086009706,6
12086000408,6
12086000409,6
12086009703,8
12011060105,10
12011040502,10
12011060107,10
12011040504,10
12095016733,30
12095016732,30
12057005500,25
12095016730,30
12011060109,10
12086010210,1
12095016734,30
12117022104,33
12117022105,33
12099002200,15
12127080300,35
12117022101,34
12057002200,25
12105010501,26
12105010502,26
12079110302,21
12117020808,34
12086011300,1
12009064102,28
12057013702,23
12086000712,5
12057010501,25
12057010502,25
12057013704,23
12127091017,34
12095013510,30
12011042900,8
12086006900,4
12103028700,22
12099004706,12
12101030903,27
12086009046,5
12087972600,1
12101030904,27
12101030905,27
12011060211,9
12011060210,9
12011060213,9
12011060212,9
12086006802,4
12001110800,37
12086010704,1
12086013900,5
12033002100,2
12099006100,12
12086006709,4
12086006707,4
12086006706,4
12086006705,4
12091022900,13
12086006702,4
12011110321,7
12011110320,7
12011110323,7
12011110322,7
12011110325,7
12017450202,31
12017450201,31
12011110326,9
12011110328,9
12086000307,6
12069031311,31
12069031310,32
12086012800,7
12081000406,19
12127082904,35
12095011100,33
12105011908,23
12103024002,22
12086001702,6
12105011502,26
12099007616,11
12099007617,11
12071010102,16
12071010103,16
12071010104,16
12071010105,16
12099007610,11
12101033102,29
12099007618,11
12086000202,6
12053041003,31
12057004000,25
12053041006,31
12053041005,31
12053041004,31
12057000901,25
12031010304,0
12057000902,25
12105012205,29
12031010303,39
12031010301,0
12086008309,3
12103024904,22
12095014000,33
12103024901,22
12101031011,31
12103024902,22
12031013404,39
12101031010,31
12101031503,27
12031013402,39
12031013403,39
12127082406,35
12127082404,35
12127082405,35
12011070210,9
12039020102,21
12039020101,21
12127082401,35
12011010504,11
12099006911,11
12011010502,11
12011010503,11
12027010301,18
12115001403,19
12103028002,22
12099007501,11
12103028004,22
12099007504,11
12099007505,11
12086005409,4
12103022503,22
12103022502,22
12103022501,22
12061050505,20
12061050504,20
12061050503,20
12061050501,20
12003040201,39
12057004100,25
12055960602,18
12011110501,7
12009060300,30
12081000902,19
12011110502,7
12099980100,15
12069030408,36
12069030409,36
12071001000,16
12099001908,15
12099001909,15
12105012113,29
12065250101,21
12065250102,21
12069030405,36
12069030406,36
12069030407,36
12091021102,13
12011070501,8
12011070502,8
12091021101,13
12093910602,18
12085000603,17
12099007767,11
12099007764,12
12099007765,12
12085000607,17
12083000402,36
12083000401,36
12085000604,17
12131950601,13
12086002800,4
12103024406,24
12033000400,2
12131950603,13
12011100600,8
12101031408,27
12101031409,27
12101031404,27
12101031405,27
12101031406,27
12086005406,4
12101031401,27
12095010200,33
12057001500,25
12057007001,25
12057007002,23
12095013512,30
12119910401,31
12113010503,2
12113010502,2
12113010504,2
12127082410,35
12115000200,19
12097041900,28
12109020707,38
12086014300,5
12133970301,13
12133970302,13
12011070204,8
12099007414,11
12119910800,36
12111980000,20
12086012200,7
12089050400,39
12103026400,24
12103023100,22
12115001908,19
12081000604,19
12081000603,19
12081000601,19
12103022301,22
12011041801,8
12011041802,8
12109021302,38
12009063107,28
12009063106,28
12009063105,28
12009063104,28
12095017107,32
12009063102,28
12095017105,32
12095017104,32
12031011903,39
12031011902,39
12001001400,37
12095017108,32
12031016300,0
12099005407,15
12005002500,13
12099007416,11
12031011300,39
12099003504,15
12095016503,30
12095016504,30
12095016505,30
12095016507,30
12095016508,30
12017451300,31
12057000300,25
12057003900,25
12011050900,10
12099003509,15
12111382112,17
12127091027,35
12011091702,8
12011091701,8
12105012502,26
12101032802,29
12086019900,3
12057012002,23
12057012001,25
12103028500,22
12115001503,19
12101030203,31
12101030202,31
12101030205,27
12057006502,25
12086004406,4
12087971900,1
12086004404,4
12086004405,4
12073002702,21
12073002701,21
12105015500,26
12099005939,12
12099005938,12
12033002804,2
12099005934,12
12099005937,11
12033003400,2
12099005931,11
12033002801,2
12033002802,2
12033002803,2
12086980900,5
12099000102,17
12099000101,17
12049970101,18
12053040909,31
12113010812,2
12049970102,18
12086019200,3
12103020101,22
12103020105,22
12071000600,16
12091023200,13
12089050502,39
12043000300,18
12086001703,4
12086001701,6
12111382111,17
12091020500,13
12103023000,22
12015010502,16
12015010501,16
12015030100,16
12103024512,24
12095015901,33
12011060118,9
12011060119,9
12057010401,29
12057010402,25
12011060112,10
12011060113,9
12011060111,10
12011060116,9
12011060117,9
12011060114,9
12011060115,9
12095016728,30
12095016729,30
12095015902,33
12105015802,18
12073000700,21
12105015801,18
12037970200,21
12095016723,30
12095016724,30
12095015802,33
12081000105,19
12099007615,11
12095014908,32
12095014909,32
12057006200,25
12081000106,19
12105015102,26
12103024004,22
12103024005,22
12105012127,29
12095014906,32
12103024001,22
12095014904,32
12097043201,26
12031012100,39
12031015802,0
12086004000,4
12095012403,33
12031015801,0
12086006001,4
12086006002,4
12105015101,26
12103026703,24
12086000503,6
12105012128,29
12086000501,7
12086000505,7
12086000504,7
12011060208,9
12011060209,9
12011060206,9
12011060207,9
12011060203,9
12095014608,32
12071050311,14
12071050310,14
12057005401,23
12071050312,14
12115001601,19
12071050314,14
12105012129,29
12117022005,33
12117022004,33
12099002300,15
12117022001,33
12117022002,33
12115001302,19
12127091001,35
12086006714,4
12086011401,1
12117020812,34
12086011403,1
12086011404,1
12086006711,4
12086006713,4
12011110336,8
12031001600,0
12011110334,9
12011110335,9
12011110332,9
12011110333,9
12011110330,9
12011110331,9
12069031305,32
12069031306,32
12069031307,32
12069031301,32
12011110338,8
12011110339,8
12105012003,26
12103024805,22
12103027802,22
12105012124,29
12097042400,28
12033001900,2
12057980200,22
12057012701,29
12086009400,7
12103027904,22
12099004809,12
12127090804,35
12099001917,15
12103025603,24
12069030106,34
12103025604,24
12031013522,39
12111381502,18
12099006202,12
12069030411,36
12105012802,26
12099006201,12
12117021901,33
12099001914,15
12099007407,11
12017450500,31
12127090203,35
12011041600,8
12105012001,29
12087970500,1
12099001912,15
12105011902,26
12105011901,26
12117021902,33
12103025208,24
12105011909,26
12099001910,15
12019031200,38
12117021802,33
12057003500,25
12117021803,33
12105013801,26
12105013802,26
12117021805,33
12009071332,20
12009071337,20
12009071336,20
12009071335,20
12009071334,20
12009071339,20
12009071338,20
12086004205,4
12083000301,36
12083000302,36
12085001700,17
12041950100,37
12127091019,35
12086017800,3
12121970200,37
12117020500,34
12097043400,28
12099003400,15
12031010202,0
12031010201,0
12086008415,3
12099005945,12
12071040122,14
12031013504,39
12001000902,37
12031013503,39
12031013502,39
12039020600,21
12071020102,16
12071020101,16
12086008416,3
12127082503,35
12127082413,35
12011010407,11
12011010406,11
12011010405,11
12027010403,18
12027010404,18
12027010405,18
12027010406,18
12071040126,14
12115000102,19
12097041800,28
12086015400,5
12103024803,22
12099000209,17
12103022200,22
12085001410,17
12071040124,14
12033003309,2
12061050200,20
12067960100,21
12099007302,11
12005000805,13
12005000804,13
12005000806,13
12055960502,18
12111381300,20
12057004200,25
12055960501,18
12127091022,35
12011110600,8
12055960101,18
12099980000,15
12086010300,1
12105011721,26
12105014803,26
12086008418,3
12103026701,24
12065250200,21
12131950400,13
12099001801,15
12103027703,24
12063210300,13
12011070401,9
12091021002,13
12011070403,8
12011070402,9
12011070405,9
12011070404,8
12059960100,13
12099005101,15
12099005102,15
12031016200,0
12005002400,13
12099000204,17
12086002900,4
12099000205,17
12033000500,2
12099000206,17
12101031505,27
12101031504,27
12101031507,27
12101031506,27
12099007604,11
12086001005,6
12101031508,27
12057001400,25
12057007300,23
12113010600,2
12086008701,3
12099007821,15
12086008702,3
12033002900,2
12099007820,15
12105014804,23
12086014200,5
12099007823,17
12015020501,16
12015020502,16
12115002719,18
12089050503,39
12063210100,21
12089050504,39
12115002718,18
12081000101,19
12081000103,19
12015021003,16
12015021002,16
12015021001,16
12086016200,5
12086001901,6
12086001903,6
12086001904,4
12099005922,12
12099005923,12
12099005921,12
12099005926,12
12101033014,29
12103027901,22
12127090803,34
12103027903,22
12057011106,27
12117021306,34
12127090806,35
12095016409,30
12095016408,33
12115002716,18
12031011000,39
12095016402,33
12109021004,38
12095016407,33
12095016406,33
12071040123,16
12001000901,37
12017451000,31
12071040120,14
12071040127,14
12057003800,25
12071040125,14
12011050800,10
12011091000,8
12101033012,29
12086008419,3
12085001601,17
12057010108,29
12057012702,29
12101030102,31
12101030101,31
12071070200,16
12073002003,21
12073002004,21
12073002005,21
12073002006,21
12086004500,4
12069030902,34
12105011836,26
12093990000,18
12103990100,22
12057990000,23
12109990100,38
12085990100,17
12051990000,18
12043990000,18
12099990100,12
12095990000,32
12091990200,13
